2 3 4 5 6 7 8 9 10  0
6-31G*
****
11 12 13 14 15 16 17 18 19 20  0
6-31G*
****
21 22 23 24 25 26 27 28 29 30  0
6-31G*
****
31 32 33 34 35 36 37 38 39 40  0
6-31G*
****
41 42 43 44 45 46 47 48 49 50  0
6-31G*
****
51 52 53 54 55 56 57 58 59 60  0
6-31G*
****
61 62 63 64 65 66 67 68 69 70  0
6-31G*
****
71 72 73 74 75 76 77 78 79 80  0
6-31G*
****
81 82 83 84 85 86 88  0
6-31G*
****
1 87  0 STO-2G
SP 2 1.00
0.9034 1.00 1.00
0.21310 1.90904 0.57864
****

1 87  0
try1 1 2
S Component
1
1 7.75 16.49
P
1
1 1.0 0.0
